$ANSIBLE_VAULT;1.1;AES256
33643932313733363261643131356434623239323763313731306130666132666632303961336530
3036313435633165616131353433613461636539623366380a313531396336633466613662626233
31623139336562333039333539353831363137316630646263643764623063653834356464346636
6539383065633132350a356365333032646363326631356565633564623366663163336630366632
39353932323566393735626461363434306561376161323362393465313631613933373966643034
62333135393264303238366535393431313834653333313538346234636239636531353837663732
30653061333535616536643934616462613934323166333562383433343261313462653762326634
63623733333934346534343363356562666430653366333033343630316237353462346638383934
61376130623330633737626465306232323639323832643137303337386330336264333362316230
31383938663161656439316538313532356366383430626262343662663562363538356232313763
35353166666631313464623133343339346461373534373666316563323832353865366637623631
63343036636231316464
