$ANSIBLE_VAULT;1.1;AES256
33346335346539313334613863383565613030336639636631626437306530653463353136646337
6331353963326238373261373336313734353538303435660a353939626132313830323831333435
37643036633864306330636462656637346131356438313436623532626566356334393164376663
3131643132613265610a336338643336643834313430636433646562656331643839633163343964
65643933633763366532653630316232306633653834353435663238633266393161376639633235
37623963313661633531323530376163393634613438363936333139623637313138623064376266
66356331353261623932363264613036636661356136303064366139343731363330643730316563
35373338623839363439653537326238313463613764343431623031643062306264306232316564
30313965303535643531363337363332333236636665303937613935656565643332643862616633
38313866383963386339313531646437303231353166313162353833383661376436303862393336
62323734306466626332393137303963366663386264656362383030346132376361663039663932
39393635616331353837
